# PBH constraints from COMPTEL observations of the galactic center.
# From https://arxiv.org/abs/2010.04797.
# Columns: PBH mass [Msun], f_PBH
5.030181086519114655e-19 1.696838255953961714e-06
5.492205312369221409e-19 1.818874860825720468e-06
5.996666655611481217e-19 1.884273558423982673e-06
6.547462983136429697e-19 1.888711584626295001e-06
7.148850182530319111e-19 1.838758346763656494e-06
7.805475046425151120e-19 1.748984883293026191e-06
8.522411177289672801e-19 1.637597321651913319e-06
9.305198190090508288e-19 1.523054024120188637e-06
1.015988451573399678e-18 1.423191241425198975e-06
1.109307413602201006e-18 1.356417870009548253e-06
1.211197761123270309e-18 1.343724097580168233e-06
1.322446779460621495e-18 1.410032086819689007e-06
1.443914066422863965e-18 1.586007997832458513e-06
1.576538174235004964e-18 1.917741782769578161e-06
1.721343861534457309e-18 2.493064774887971550e-06
1.879450011465858720e-18 3.501666241088609927e-06
2.052078277056271085e-18 5.374160367752773483e-06
2.240562520671611273e-18 6.844428250734550197e-06
2.446359120491126117e-18 7.965885321013155954e-06
2.671058223635834010e-18 1.037308884623747271e-05
2.916396032901444486e-18 1.467684576653198076e-05
3.184268222032918939e-18 1.598660265819796226e-05
3.476744583197470359e-18 1.941141583087303200e-05
3.796085019834106883e-18 2.679001860275599266e-05
4.144757008453055871e-18 4.238444596640867854e-05
4.525454664308738916e-18 5.408823106866292990e-05
4.941119558262663715e-18 6.674208411179107848e-05
5.394963445684024966e-18 9.155928818000187036e-05
5.890493083009004943e-18 1.407480163909065373e-04
6.431537323711670598e-18 1.738227670034238987e-04
7.022276703050846328e-18 2.069856009942243281e-04
7.667275740188389879e-18 2.757052884174292662e-04
8.371518207270472048e-18 4.145886774612518870e-04
9.140445637988632339e-18 7.059443743859502088e-04
9.979999373168188875e-18 9.988265490427168571e-04
1.089666646826146043e-17 1.259994647694125938e-03
1.189752981746331121e-17 1.758719701111882260e-03
1.299032288174759064e-17 2.738139816321197816e-03
1.418348944369660268e-17 4.775427839169454902e-03
1.548624885083593005e-17 6.069656250517798009e-03
1.690866725159789113e-17 7.839256573976998918e-03
1.846173537433671475e-17 1.128300227976881086e-02
2.015745345037919574e-17 1.396326120138318208e-02
2.200892393729277553e-17 1.544445381115733783e-02
2.403045275882438884e-17 1.882164111852279581e-02
2.623765984376980293e-17 2.552474576244241622e-02
2.864759981788412147e-17 3.882413786933808231e-02
3.127889378139444727e-17 6.335444171599403929e-02
3.415187319033199905e-17 7.337660186307638777e-02
3.728873695342462895e-17 9.403079743374664901e-02
4.071372295840288878e-17 1.344213244168858123e-01
4.445329535307165087e-17 2.158818832275652966e-01
4.853634902822310002e-17 3.892194637687796388e-01
5.299443288239174732e-17 7.748141355094092519e-01
5.786199359357003220e-17 1.653394932452947774e+00
6.317664178145719312e-17 3.671152135592225196e+00
6.897944261682158857e-17 8.313220424914367968e+00
7.531523312345383710e-17 1.955413236928458787e+01
8.223296862443635891e-17 5.123236777374405904e+01
8.978610100964696278e-17 1.570415325820758596e+02
9.803299174729079396e-17 5.401207663787801039e+02
1.070373628307094404e-16 1.945667246024585666e+03
1.168687891448498900e-16 7.687736238055857939e+03
1.276032360567907837e-16 3.712228272658372589e+04
1.393236463841861256e-16 2.025696433290997520e+05
1.521205812770037576e-16 1.224238536181932548e+06
1.660929199645185105e-16 9.354930784307502210e+06
1.813486237743576628e-16 8.105353950885891914e+07
1.980055703270136313e-16 8.794417072636137009e+08
2.161924643514699246e-16 1.173644729314472961e+10
2.360498321596210053e-16 1.965623874477789307e+11
2.577311074635836630e-16 4.245732911752400879e+12
2.814038169257702499e-16 1.224145325687311250e+14
3.072508746022495310e-16 4.615451804848284000e+15
3.354719952812482318e-16 2.502955885653485440e+17
3.662852376373931444e-16 1.870174088150351872e+19
3.999286891253092154e-16 2.036107583609304252e+21
4.366623056313970788e-16 3.415084716743786056e+23
4.767699200983902516e-16 7.710890746848612744e+25
5.205614356429149918e-16 3.239744428321528888e+28
5.683752201118102367e-16 1.915819792163050995e+31
6.205807205794413962e-16 2.206102285418443672e+34
6.775813179876868447e-16 4.247920350751694685e+37
7.398174439857655040e-16 1.727874277065385698e+41
8.077699840531578773e-16 1.247408859203826676e+45
8.819639932007240486e-16 2.190392074075347134e+49
9.629727529605474923e-16 8.267016541522820224e+53
1.051422201011974467e-15 7.276860880081671292e+58
1.147995767670652199e-15 1.721393895613533241e+64
1.253439656611094151e-15 1.153656916195636312e+70
1.368568610625812550e-15 2.323030727829663233e+76
1.494272206971825595e-15 1.525164726109067071e+83
1.631521730947361025e-15 3.591837282886009815e+90
1.781377680809453518e-15 3.305987566080529957e+98
1.944997962021276036e-15 1.260608240221894299e+107
2.123646834144639583e-15 2.288972355256216093e+116
2.318704679508151867e-15 2.095013403865683198e+126
2.531678669131677130e-15 1.102573754512442222e+137
2.764214408320387731e-15 3.540276458761526504e+148
3.018108651911470218e-15 7.553840632206672869e+160
